applicant_id,age,annual_income,employment_years,credit_score,loan_amount,applicant_group,region,approved
10001,64,1055000,8,666,680000,B,east,1
10002,38,1290000,1,618,731000,B,west,0
10003,47,1660000,2,744,3600000,A,west,1
10004,39,1486000,7,616,3483000,A,north,0
10005,63,1244000,5,789,2055000,A,south,1
10006,58,1398000,9,740,2805000,A,east,1
10007,56,1031000,3,707,2007000,B,east,0
10008,47,1199000,2,739,2761000,A,west,1
10009,47,1182000,2,686,955000,A,north,1
10010,55,1387000,11,730,2663000,B,north,1
10011,48,1191000,6,689,3089000,B,south,0
10012,52,1350000,4,653,3288000,B,north,0
10013,55,1618000,3,705,2829000,A,west,1
10014,46,1146000,2,617,2275000,A,west,0
10015,52,841000,4,792,2133000,B,east,1
10016,48,964000,3,566,916000,B,west,0
10017,37,1277000,1,600,3030000,B,south,0
10018,66,1601000,12,752,2327000,A,north,1
10019,47,1049000,8,681,744000,B,west,1
10020,47,1488000,6,737,2008000,A,east,1
10021,44,1054000,9,787,1306000,A,south,1
10022,40,1173000,7,876,1238000,A,west,1
10023,42,1556000,3,589,1008000,A,east,1
10024,60,1168000,11,767,2611000,A,north,1
10025,55,1320000,4,713,3355000,A,east,1
10026,49,1123000,2,725,2024000,B,east,1
10027,58,1125000,11,680,1926000,A,east,1
10028,49,1107000,12,686,1355000,A,south,1
10029,47,1103000,7,638,1678000,A,north,0
10030,52,1273000,13,731,1532000,A,west,1
10031,54,1119000,14,672,1296000,A,south,1
10032,41,1295000,6,686,1633000,A,east,1
10033,41,953000,3,633,1191000,B,south,0
10034,54,1469000,3,756,1655000,A,south,1
10035,64,903000,4,648,2077000,B,east,0
10036,49,1112000,12,583,1484000,A,west,0
10037,37,536000,3,667,1133000,B,east,0
10038,55,1207000,14,694,2771000,A,north,1
10039,47,589000,4,595,1041000,B,west,0
10040,46,1007000,7,776,1710000,B,east,1
10041,31,1276000,1,683,2374000,A,north,1
10042,65,1203000,6,698,1433000,B,north,1
10043,52,1187000,13,707,1102000,A,east,1
10044,36,1390000,1,647,2890000,A,west,0
10045,28,1475000,1,791,2084000,A,south,1
10046,59,961000,3,810,2294000,B,north,1
10047,40,1283000,6,706,2444000,A,west,1
10048,37,1521000,6,737,1258000,A,north,1
10049,33,1302000,1,671,618000,A,west,1
10050,39,1172000,6,749,1884000,A,north,1
10051,49,855000,8,618,1422000,B,east,0
10052,52,1162000,3,767,2499000,B,west,1
10053,52,1154000,3,629,2410000,A,east,0
10054,51,1102000,3,663,2792000,B,east,0
10055,44,1139000,8,748,1318000,A,west,1
10056,50,683000,5,740,407000,A,west,1
10057,43,1182000,7,720,2426000,A,south,1
10058,62,660000,3,825,1560000,B,south,1
10059,42,1346000,7,619,1008000,A,east,1
10060,52,833000,8,582,1716000,B,north,0
10061,35,1041000,2,726,743000,B,south,1
10062,55,1293000,8,556,2964000,A,north,0
10063,48,1184000,9,654,1039000,B,west,1
10064,51,874000,4,690,948000,A,north,1
10065,53,1401000,7,689,2090000,A,east,1
10066,50,737000,5,791,1316000,B,east,1
10067,51,1104000,3,660,1668000,A,north,0
10068,52,1220000,4,674,1315000,B,south,1
10069,41,1009000,2,633,694000,B,south,0
10070,51,815000,2,647,877000,B,north,0
10071,49,918000,9,659,1123000,B,east,0
10072,36,1724000,2,706,1327000,B,south,1
10073,62,1233000,6,650,1107000,B,east,1
10074,48,1439000,8,662,2016000,A,west,1
10075,50,633000,3,703,546000,B,west,0
10076,45,990000,5,638,2022000,B,west,0
10077,49,1231000,8,711,1113000,B,west,1
10078,51,1644000,5,762,2222000,A,west,1
10079,50,1211000,3,685,2601000,A,west,0
10080,55,910000,5,667,1713000,A,west,0
10081,31,918000,3,713,2374000,B,south,0
10082,65,1148000,14,676,2963000,B,east,0
10083,57,825000,9,527,1489000,B,west,0
10084,48,1263000,6,678,542000,A,north,1
10085,45,1108000,4,782,1053000,A,north,1
10086,41,1050000,4,612,2257000,A,west,0
10087,34,1219000,1,818,1617000,A,south,1
10088,53,1351000,8,593,1196000,B,east,0
10089,61,1152000,3,612,2042000,B,north,0
10090,42,546000,4,745,1128000,B,south,0
10091,51,1248000,9,631,1349000,B,north,0
10092,21,863000,0,785,1075000,A,east,1
10093,40,1456000,7,707,3767000,A,east,1
10094,47,1250000,2,648,1154000,A,south,1
10095,39,975000,6,633,1524000,A,north,0
10096,55,1054000,4,683,2318000,B,north,0
10097,47,928000,6,625,606000,B,south,0
10098,34,801000,4,768,1901000,A,west,1
10099,60,931000,16,718,378000,A,east,1
10100,32,847000,2,635,707000,A,west,0
10101,60,1412000,10,655,3443000,A,north,1
10102,57,1160000,5,700,2278000,A,north,1
10103,54,1202000,10,663,809000,A,east,1
10104,61,1335000,7,692,2677000,B,west,1
10105,36,1419000,5,765,3438000,A,north,1
10106,45,1135000,8,733,942000,A,south,1
10107,54,909000,4,636,1329000,A,north,0
10108,51,1110000,2,650,2079000,A,west,0
10109,63,1445000,15,759,2118000,A,east,1
10110,54,1436000,11,763,1451000,A,west,1
10111,40,1037000,3,674,1058000,B,north,0
10112,38,995000,2,799,1592000,A,west,1
10113,54,748000,7,614,1238000,B,south,0
10114,40,1562000,8,673,3307000,A,north,1
10115,47,953000,8,731,1071000,B,south,1
10116,37,1184000,2,624,2644000,B,east,0
10117,54,1445000,7,667,638000,A,north,1
10118,52,1324000,7,765,782000,A,north,1
10119,33,1345000,4,664,912000,A,south,1
10120,42,1208000,6,662,3107000,B,south,0
10121,44,1341000,4,721,3063000,A,east,1
10122,45,944000,10,697,798000,A,west,1
10123,45,1329000,5,727,2928000,A,south,1
10124,46,1193000,5,750,2751000,A,west,1
10125,38,1060000,1,808,1255000,B,south,1
10126,51,1006000,5,632,2571000,B,east,0
10127,40,529000,2,842,1173000,B,east,1
10128,28,1104000,0,701,1638000,B,west,0
10129,41,1228000,5,638,735000,B,south,1
10130,48,1889000,5,639,3940000,A,south,1
10131,54,569000,5,776,1410000,B,south,0
10132,35,1271000,3,644,2123000,B,north,0
10133,49,1528000,6,711,3139000,A,east,1
10134,44,1048000,6,668,639000,A,east,1
10135,61,1205000,11,613,2192000,B,south,0
10136,46,1210000,5,650,2349000,A,west,0
10137,49,977000,7,635,2067000,B,east,0
10138,63,1405000,11,768,1843000,A,north,1
10139,39,1197000,6,665,1242000,B,south,1
10140,21,959000,0,631,637000,B,west,0
10141,26,1047000,1,568,2518000,B,east,0
10142,30,1145000,1,694,2081000,B,west,0
10143,40,1364000,8,760,714000,A,north,1
10144,34,1355000,4,572,1408000,A,south,0
10145,56,1416000,5,618,2941000,B,south,0
10146,47,1013000,7,661,2140000,B,north,0
10147,48,1101000,3,802,2853000,A,east,1
10148,47,1055000,6,780,2419000,B,east,1
10149,32,921000,1,572,654000,B,west,0
10150,70,1352000,4,721,1387000,B,north,1
10151,58,1431000,11,715,2812000,A,west,1
10152,58,1209000,13,688,555000,B,north,1
10153,46,765000,7,674,1911000,A,west,0
10154,38,1151000,1,644,1737000,B,north,0
10155,37,863000,2,637,1954000,B,west,0
10156,62,818000,10,634,474000,B,south,0
10157,57,851000,7,727,1179000,B,south,1
10158,49,841000,2,722,1010000,A,south,1
10159,40,1113000,1,725,671000,A,east,1
10160,50,879000,10,660,599000,B,south,0
10161,51,1445000,10,694,672000,B,east,1
10162,40,1170000,4,702,2974000,A,north,0
10163,42,554000,2,756,754000,B,west,0
10164,42,876000,7,605,733000,B,north,0
10165,42,932000,4,721,2186000,B,south,0
10166,34,1196000,2,663,2811000,B,west,0
10167,35,1134000,1,702,2658000,A,south,0
10168,64,1239000,7,715,951000,B,south,1
10169,57,819000,5,568,332000,B,east,0
10170,48,1137000,3,717,1923000,A,east,1
10171,44,1269000,9,639,3194000,A,south,0
10172,41,569000,7,745,1396000,B,east,0
10173,34,988000,3,700,945000,A,south,1
10174,50,1078000,10,668,704000,B,west,1
10175,38,744000,2,702,913000,B,west,0
10176,54,855000,2,700,1588000,A,west,0
10177,30,1055000,1,606,2727000,A,west,0
10178,47,1533000,3,599,1618000,B,south,0
10179,44,1232000,3,603,3137000,B,south,0
10180,39,1126000,2,691,1584000,A,north,1
10181,49,1043000,6,703,2372000,B,south,0
10182,49,1038000,8,620,2017000,B,west,0
10183,70,1079000,9,627,2431000,B,south,0
10184,44,1159000,8,778,1024000,A,west,1
10185,60,1168000,2,523,2024000,B,south,0
10186,43,1217000,3,636,827000,A,west,1
10187,46,1480000,5,675,3132000,B,north,1
10188,48,1266000,8,765,914000,A,south,1
10189,49,1036000,4,624,614000,B,north,0
10190,41,1090000,8,660,899000,A,north,1
10191,47,1057000,2,668,1184000,B,east,0
10192,46,1063000,8,709,649000,B,west,1
10193,70,1310000,3,538,2780000,B,west,0
10194,45,1217000,1,733,2073000,B,north,1
10195,41,989000,2,702,553000,B,west,1
10196,50,944000,13,768,2184000,A,east,1
10197,66,1139000,15,675,2786000,B,south,0
10198,44,1221000,5,678,1762000,B,east,1
10199,49,1550000,4,687,3282000,A,south,1
10200,35,1213000,2,769,1431000,A,north,1
10201,55,1089000,8,703,1029000,A,north,1
10202,55,1266000,5,735,514000,A,west,1
10203,59,1536000,17,700,3786000,A,south,1
10204,53,1181000,12,640,499000,A,east,1
10205,60,1308000,11,598,1654000,A,west,0
10206,59,1156000,5,564,1531000,B,west,0
10207,44,1159000,9,718,559000,A,west,1
10208,51,1182000,6,674,1955000,B,south,0
10209,41,1413000,6,760,2401000,A,east,1
10210,70,1416000,7,646,3005000,A,east,1
10211,41,1306000,4,669,2187000,A,west,1
10212,41,1097000,3,663,1603000,B,west,0
10213,48,1290000,11,667,3347000,A,north,1
10214,59,1088000,7,733,2059000,B,east,1
10215,38,1671000,7,643,3105000,A,south,1
10216,41,1427000,3,694,3512000,B,west,1
10217,41,1225000,1,610,2287000,B,east,0
10218,63,781000,10,677,379000,B,south,0
10219,49,854000,4,664,1721000,B,north,0
10220,48,910000,7,601,1413000,B,north,0
10221,45,1263000,4,636,3191000,A,west,0
10222,70,641000,14,717,1649000,B,north,0
10223,39,1060000,2,728,1253000,B,east,1
10224,57,1651000,4,728,1420000,A,east,1
10225,56,1225000,8,645,1920000,B,west,0
10226,40,1285000,5,671,2407000,B,south,0
10227,54,999000,9,681,2279000,B,south,0
10228,56,1369000,5,650,2721000,A,north,1
10229,41,1330000,2,609,1877000,A,west,0
10230,58,951000,9,670,2173000,B,west,0
10231,44,1024000,1,900,849000,B,east,1
10232,36,924000,1,568,571000,A,north,0
10233,44,1399000,3,583,1141000,B,south,0
10234,52,1397000,12,643,3003000,A,south,1
10235,39,1108000,7,713,2365000,A,south,1
10236,51,1011000,10,740,814000,B,north,1
10237,51,999000,4,773,894000,B,west,1
10238,39,959000,2,715,1323000,A,east,1
10239,46,1355000,10,655,2862000,A,south,1
10240,41,1214000,1,731,1385000,A,east,1
10241,43,1070000,1,660,2729000,A,east,0
10242,48,995000,5,743,1618000,A,north,1
10243,50,1330000,3,610,3035000,A,south,0
10244,44,1282000,2,736,1746000,A,east,1
10245,43,1374000,4,759,1513000,A,south,1
10246,51,1272000,8,671,1671000,A,west,1
10247,35,1476000,5,737,3476000,A,east,1
10248,48,949000,8,590,880000,B,north,0
10249,51,1190000,7,722,1893000,B,south,1
10250,53,1109000,3,624,2045000,A,west,0
10251,46,1009000,4,678,414000,A,west,1
10252,57,1205000,16,676,1097000,A,west,1
10253,50,1098000,10,635,601000,A,south,1
10254,54,1045000,6,631,1789000,A,east,0
10255,35,809000,6,780,879000,A,north,1
10256,36,1135000,2,658,2420000,B,east,0
10257,33,1029000,4,664,2357000,B,east,0
10258,40,808000,3,594,1005000,B,west,0
10259,43,1033000,6,700,1999000,A,south,1
10260,33,1210000,3,771,2869000,B,west,1
10261,47,1389000,10,693,2607000,A,south,1
10262,47,1522000,3,704,2161000,A,west,1
10263,37,1256000,4,751,2298000,A,west,1
10264,39,1103000,6,686,1078000,B,east,1
10265,49,999000,10,793,2542000,A,east,1
10266,50,1116000,6,632,2581000,A,west,0
10267,52,1116000,7,791,657000,A,east,1
10268,51,1402000,6,724,2150000,B,east,1
10269,36,1308000,3,649,2945000,A,north,0
10270,49,1195000,8,768,1417000,B,east,1
10271,38,853000,3,693,2040000,A,east,0
10272,50,1219000,7,620,2630000,A,south,0
10273,52,1065000,2,823,1853000,A,north,1
10274,58,1490000,7,610,3194000,B,west,0
10275,41,672000,7,719,1528000,B,north,0
10276,36,981000,6,655,1803000,A,north,0
10277,39,1277000,2,748,2173000,A,west,1
10278,49,1441000,10,634,3408000,A,north,0
10279,44,1180000,4,681,2433000,A,east,0
10280,58,1396000,10,578,1844000,A,south,0
10281,35,841000,3,714,1090000,B,south,0
10282,44,1337000,5,595,821000,B,east,0
10283,38,1235000,7,758,2972000,A,west,1
10284,46,1253000,6,737,3218000,A,west,1
10285,47,983000,2,660,1420000,B,north,0
10286,45,1418000,5,565,856000,A,west,0
10287,48,1096000,3,732,1274000,B,west,1
10288,51,1439000,9,678,2191000,A,north,1
10289,58,1476000,13,621,760000,A,east,1
10290,51,1350000,7,647,849000,A,west,1
10291,38,1162000,5,663,2865000,A,east,0
10292,45,1198000,4,584,1350000,A,east,0
10293,54,877000,2,766,1497000,A,east,1
10294,45,1177000,9,668,1562000,A,east,1
10295,59,1233000,15,612,1087000,A,east,1
10296,50,1541000,10,695,1328000,A,south,1
10297,49,959000,2,641,627000,B,east,0
10298,58,1398000,16,594,2497000,A,east,0
10299,33,1420000,2,766,1841000,A,north,1
10300,57,1231000,14,731,3026000,A,south,1
10301,59,1042000,11,742,880000,B,north,1
10302,44,1076000,6,615,1115000,B,east,0
10303,46,1186000,7,768,689000,A,south,1
10304,49,1235000,2,590,2818000,A,south,0
10305,52,1011000,8,707,1190000,A,north,1
10306,43,1138000,3,744,2087000,B,east,1
10307,49,1162000,8,722,2472000,A,east,1
10308,51,1374000,4,706,1274000,A,north,1
10309,37,1586000,2,637,3101000,A,north,1
10310,41,1155000,4,662,2679000,B,east,0
10311,54,1169000,3,677,1755000,B,north,0
10312,37,1176000,1,741,1659000,B,south,1
10313,52,1137000,8,696,1761000,B,north,1
10314,39,1448000,7,823,2511000,A,south,1
10315,44,1049000,5,635,735000,A,east,0
10316,38,748000,2,512,511000,B,north,0
10317,40,858000,7,749,2228000,A,north,1
10318,45,1404000,9,726,923000,A,south,1
10319,46,1280000,8,700,1601000,A,west,1
10320,41,1345000,1,538,1963000,B,south,0
10321,56,1194000,8,633,1740000,B,south,0
10322,49,1157000,11,633,2785000,A,south,0
10323,48,995000,3,815,1290000,B,east,1
10324,40,1036000,8,770,2533000,A,south,1
10325,44,1088000,5,677,444000,B,west,1
10326,58,1391000,13,596,1190000,A,east,1
10327,43,1267000,5,688,1081000,B,west,1
10328,52,1400000,12,735,1281000,A,south,1
10329,39,1289000,7,731,1318000,A,west,1
10330,52,574000,4,739,1280000,A,north,0
10331,65,1192000,7,632,3045000,B,west,0
10332,62,802000,6,687,1044000,A,west,0
10333,37,1266000,5,701,732000,B,north,1
10334,54,1354000,13,764,922000,A,south,1
10335,32,1089000,2,747,2037000,A,west,1
10336,45,1127000,6,753,595000,A,south,1
10337,59,1647000,9,711,2670000,B,west,1
10338,49,1280000,7,772,2618000,A,north,1
10339,36,1477000,6,711,2454000,A,south,1
10340,60,934000,13,722,2390000,B,west,0
10341,44,1248000,7,628,1510000,B,north,0
10342,49,1078000,12,673,2321000,A,west,0
10343,46,1259000,8,562,579000,B,east,0
10344,51,1370000,5,579,2136000,A,north,0
10345,37,1434000,2,713,1710000,A,south,1
10346,56,1383000,11,787,3077000,A,east,1
10347,52,941000,7,575,1042000,B,east,0
10348,35,769000,2,648,602000,B,west,0
10349,51,1274000,6,829,2899000,A,west,1
10350,38,867000,2,652,1735000,B,west,0
10351,41,1216000,4,606,681000,B,north,0
10352,53,984000,6,662,545000,A,west,1
10353,47,1237000,4,503,2638000,A,west,0
10354,40,1008000,1,741,1408000,A,south,1
10355,31,1157000,2,616,2165000,A,north,0
10356,52,1259000,2,660,2000000,B,south,0
10357,55,1176000,10,739,992000,A,west,1
10358,46,1172000,2,649,2366000,B,south,0
10359,36,907000,4,675,2352000,B,south,0
10360,60,863000,7,641,2102000,A,north,0
10361,53,1376000,7,691,3528000,A,north,1
10362,66,1132000,15,721,761000,A,west,1
10363,39,1097000,8,602,1758000,A,south,0
10364,36,511000,3,700,1161000,B,north,0
10365,37,1441000,4,704,1955000,A,west,1
10366,57,1115000,9,721,1437000,B,east,1
10367,43,1037000,7,677,1775000,A,east,0
10368,35,1228000,5,720,1975000,B,north,1
10369,54,1151000,14,595,2527000,A,west,0
10370,60,1551000,4,674,1909000,A,north,1
10371,62,1410000,11,723,2547000,A,north,1
10372,53,1212000,10,585,2277000,B,west,0
10373,54,1499000,11,571,2292000,A,west,0
10374,52,1060000,6,588,1015000,B,south,0
10375,36,1219000,4,641,2451000,A,south,0
10376,41,746000,9,690,1877000,A,south,0
10377,36,879000,4,610,1025000,B,north,0
10378,47,1133000,6,643,520000,B,south,1
10379,55,1292000,9,701,2037000,A,north,1
10380,39,1377000,2,674,3383000,A,west,0
10381,42,1037000,3,619,1881000,B,south,0
10382,55,1031000,14,741,1057000,A,west,1
10383,61,1257000,14,714,1999000,A,west,1
10384,55,1039000,8,600,2089000,B,south,0
10385,44,1174000,6,675,2877000,B,north,0
10386,53,1443000,2,724,2709000,A,south,1
10387,36,1465000,1,637,2162000,B,east,0
10388,68,957000,11,690,1375000,A,south,1
10389,56,781000,9,661,1361000,B,north,0
10390,25,1163000,1,658,1087000,B,south,0
10391,48,972000,8,732,406000,B,west,1
10392,55,1276000,10,629,3239000,A,north,0
10393,30,1454000,2,706,1997000,B,south,1
10394,46,836000,5,691,1963000,B,west,0
10395,33,1513000,1,736,1028000,A,east,1
10396,49,1222000,6,634,800000,A,south,1
10397,41,802000,4,764,1721000,B,west,0
10398,49,1283000,3,660,2901000,B,north,0
10399,40,618000,2,860,1450000,A,east,1
10400,45,987000,7,600,758000,A,south,0
10401,55,1636000,11,677,1220000,A,east,1
10402,41,1110000,2,680,563000,A,east,1
10403,54,1336000,4,692,548000,A,north,1
10404,57,1359000,3,721,2764000,B,east,1
10405,38,1062000,3,661,2464000,A,east,0
10406,38,1018000,4,796,1700000,A,north,1
10407,22,839000,0,629,2020000,B,east,0
10408,53,1378000,2,603,845000,B,south,0
10409,52,1054000,4,558,1585000,B,west,0
10410,36,1523000,2,622,999000,B,west,1
10411,42,1003000,4,606,2363000,A,south,0
10412,48,1370000,8,687,3150000,A,north,1
10413,35,1044000,5,654,592000,A,east,1
10414,59,1240000,12,771,1106000,A,east,1
10415,56,1495000,7,663,2858000,A,west,1
10416,42,992000,7,639,2091000,A,north,0
10417,56,1079000,15,746,1609000,A,west,1
10418,48,1121000,2,781,1319000,B,north,1
10419,48,1212000,7,724,1153000,A,east,1
10420,63,876000,11,610,600000,B,south,0
10421,59,1482000,8,695,1916000,A,south,1
10422,58,1326000,3,710,579000,A,south,1
10423,46,937000,2,737,2051000,B,north,0
10424,50,1220000,9,760,663000,B,north,1
10425,40,1142000,3,644,2071000,A,west,0
10426,56,1538000,7,549,1061000,A,west,0
10427,53,1170000,6,812,2123000,A,north,1
10428,46,781000,8,641,799000,B,west,0
10429,50,1368000,4,674,2188000,A,west,1
10430,45,1079000,2,716,1359000,B,west,1
10431,45,1307000,3,736,2560000,A,north,1
10432,52,678000,10,700,1021000,B,south,0
10433,59,872000,4,661,845000,B,west,0
10434,51,1504000,11,646,1303000,A,south,1
10435,48,1400000,2,667,1895000,A,east,1
10436,55,927000,11,641,2055000,A,east,0
10437,52,1295000,2,582,3333000,A,north,0
10438,52,1115000,4,723,1475000,A,south,1
10439,31,1341000,4,708,3484000,A,north,1
10440,48,950000,5,726,1711000,B,east,1
10441,39,1303000,2,635,1293000,A,west,1
10442,51,1068000,6,687,831000,B,west,1
10443,35,810000,6,809,1189000,A,north,1
10444,57,1466000,16,744,2599000,A,west,1
10445,44,1575000,9,800,2225000,A,east,1
10446,37,982000,2,645,1636000,B,north,0
10447,31,1315000,1,789,2545000,A,north,1
10448,42,1154000,9,704,947000,A,south,1
10449,31,1219000,1,708,2809000,A,west,1
10450,43,926000,6,639,1998000,B,south,0
10451,60,968000,14,717,1867000,A,east,1
10452,52,1183000,2,645,2070000,B,north,0
10453,48,1377000,8,611,2998000,A,west,0
10454,40,980000,4,641,659000,B,east,0
10455,55,1049000,2,656,1140000,B,east,0
10456,44,1539000,7,705,1749000,A,north,1
10457,54,1265000,7,638,2969000,A,east,0
10458,53,1365000,11,475,3030000,B,south,0
10459,58,1532000,5,614,3826000,A,south,0
10460,39,1207000,1,670,2363000,B,west,0
10461,42,930000,5,634,1847000,B,east,0
10462,56,1345000,3,746,657000,A,west,1
10463,35,1132000,3,763,571000,B,north,1
10464,57,1369000,14,618,2076000,A,west,1
10465,33,1138000,2,577,1020000,A,south,0
10466,54,1424000,3,718,578000,A,north,1
10467,34,1255000,1,668,1982000,B,west,0
10468,44,1500000,8,682,1228000,A,west,1
10469,54,1519000,9,592,3889000,B,south,0
10470,47,845000,4,695,996000,B,south,0
10471,36,1361000,5,656,1922000,A,north,1
10472,56,1163000,15,665,2220000,A,west,1
10473,40,1157000,7,664,2130000,A,west,0
10474,54,1159000,5,771,2658000,A,south,1
10475,39,1280000,4,619,2418000,A,south,0
10476,69,604000,9,702,482000,B,north,0
10477,48,1348000,11,701,3253000,A,south,1
10478,55,1430000,11,636,2636000,A,north,1
10479,53,763000,9,679,1034000,B,north,0
10480,41,1160000,7,575,659000,B,south,0
10481,56,1120000,6,621,1896000,B,north,0
10482,46,1333000,2,636,699000,A,west,1
10483,35,1212000,5,747,1028000,B,east,1
10484,59,957000,7,782,2006000,B,east,1
10485,39,844000,4,597,1248000,B,south,0
10486,59,1294000,14,679,1190000,A,west,1
10487,39,1175000,2,538,1960000,A,west,0
10488,49,1143000,6,746,469000,B,east,1
10489,32,1520000,2,737,1151000,A,south,1
10490,45,1330000,10,803,1800000,A,north,1
10491,64,1012000,8,588,1791000,B,north,0
10492,44,1068000,2,708,2578000,A,west,0
10493,48,1418000,6,781,1887000,A,south,1
10494,55,966000,3,700,1008000,B,north,1
10495,52,895000,3,620,1325000,B,east,0
10496,62,1186000,18,654,1531000,A,east,1
10497,59,1006000,8,743,692000,A,south,1
10498,44,973000,8,654,2447000,B,east,0
10499,51,1194000,2,675,1721000,A,east,1
10500,24,1259000,1,562,626000,B,north,0
10501,61,1227000,6,731,2870000,A,east,1
10502,57,1225000,11,680,3175000,A,west,1
10503,46,898000,9,703,1870000,A,south,0
10504,49,1425000,2,726,1377000,A,south,1
10505,59,872000,6,624,905000,B,west,0
10506,40,1331000,4,620,3012000,B,south,0
10507,55,931000,2,683,1880000,A,west,0
10508,33,1075000,1,629,457000,B,south,0
10509,56,1123000,7,596,1450000,A,west,0
10510,32,980000,1,619,1738000,B,west,0
10511,37,1118000,7,594,2785000,A,west,0
10512,35,1061000,6,692,2419000,A,west,0
10513,44,1568000,7,749,3460000,A,west,1
10514,48,1133000,3,698,2331000,B,south,0
10515,58,1047000,9,750,1358000,B,east,1
10516,45,938000,3,653,1239000,A,north,0
10517,41,1300000,5,730,1354000,A,west,1
10518,49,1034000,8,536,1591000,B,west,0
10519,60,1073000,6,544,1317000,B,east,0
10520,47,1209000,6,710,1743000,B,west,1
10521,55,827000,3,808,794000,B,east,1
10522,54,975000,4,768,1028000,B,south,1
10523,41,894000,4,702,1300000,A,east,1
10524,58,845000,12,687,545000,B,west,1
10525,46,1165000,5,593,1422000,A,east,0
10526,55,1588000,9,705,2965000,A,east,1
10527,56,1092000,15,679,1018000,A,south,1
10528,51,1081000,6,592,1067000,B,north,0
10529,48,959000,11,807,2207000,A,west,1
10530,50,1106000,8,715,2291000,A,south,1
10531,38,1560000,6,674,3814000,A,south,1
10532,61,1485000,10,730,1005000,A,north,1
10533,54,1310000,4,658,1385000,A,north,1
10534,33,876000,3,768,1556000,B,east,1
10535,48,1568000,7,712,3737000,B,north,1
10536,37,953000,2,733,454000,A,east,1
10537,67,1176000,4,731,1054000,A,north,1
10538,41,1235000,7,666,2605000,A,south,0
10539,44,1060000,3,632,1439000,B,north,0
10540,53,873000,9,698,535000,B,south,1
10541,49,1236000,9,691,2189000,B,north,1
10542,46,838000,7,690,611000,A,south,1
10543,40,1397000,6,643,2446000,A,west,1
10544,57,1392000,2,683,1920000,B,east,1
10545,44,980000,6,618,991000,B,south,0
10546,47,1397000,11,697,1368000,A,south,1
10547,33,928000,4,658,1123000,B,north,0
10548,42,1342000,9,643,2238000,A,west,1
10549,50,930000,8,732,2382000,A,east,1
10550,50,1048000,5,621,859000,B,east,0
10551,41,1523000,5,728,3930000,A,east,1
10552,50,997000,6,748,2060000,B,north,1
10553,47,1299000,5,613,958000,B,north,0
10554,32,1514000,2,643,1680000,A,north,1
10555,46,967000,5,654,2025000,B,north,0
10556,47,1159000,2,723,2433000,B,north,1
10557,55,1184000,9,733,1286000,A,east,1
10558,43,1246000,3,639,1525000,B,north,0
10559,45,1653000,11,671,808000,A,east,1
10560,58,1441000,11,742,682000,A,north,1
10561,48,1004000,5,742,2086000,B,south,1
10562,51,1222000,7,674,620000,B,west,1
10563,51,1438000,9,744,1620000,A,east,1
10564,56,1369000,5,580,2356000,A,west,0
10565,43,595000,2,712,1149000,B,west,0
10566,45,1037000,10,681,1764000,A,north,1
10567,41,1443000,4,833,2866000,A,east,1
10568,32,805000,0,650,763000,B,south,0
10569,41,1554000,4,643,3676000,A,west,1
10570,23,1324000,0,601,829000,B,south,0
10571,55,871000,10,733,1691000,A,west,1
10572,35,958000,3,642,392000,B,north,0
10573,45,1059000,4,665,1241000,B,east,0
10574,42,1133000,4,639,934000,A,north,1
10575,49,1097000,3,601,2162000,B,east,0
10576,21,1393000,0,622,774000,A,east,1
10577,54,1160000,3,735,1584000,A,west,1
10578,56,1269000,3,642,1869000,A,south,0
10579,56,863000,9,810,1167000,B,west,1
10580,42,813000,4,741,1947000,A,south,0
10581,46,1252000,5,607,1811000,A,north,0
10582,60,1435000,15,817,2274000,A,west,1
10583,44,1345000,2,743,551000,A,north,1
10584,58,707000,7,702,682000,B,south,0
10585,49,1262000,9,741,663000,A,south,1
10586,43,1239000,6,652,1665000,B,south,0
10587,38,1100000,5,619,2335000,B,north,0
10588,50,1390000,7,587,3128000,B,east,0
10589,42,653000,6,624,739000,B,north,0
10590,62,1206000,9,688,2210000,A,north,1
10591,54,1150000,4,667,1657000,B,west,0
10592,38,874000,1,651,1459000,B,north,0
10593,52,1382000,8,655,1751000,B,south,1
10594,42,1135000,3,710,1412000,A,north,1
10595,44,1157000,4,736,1028000,B,east,1
10596,49,1110000,4,726,1591000,A,east,1
10597,41,1322000,1,614,1229000,A,north,0
10598,47,1103000,6,576,598000,A,west,0
10599,59,1122000,15,617,542000,A,south,1
10600,53,1621000,10,663,2760000,A,north,1
