applicant_id,age,annual_income,employment_years,credit_score,loan_amount,applicant_group,region,approved
1,21,864000.0,0,705,357000,A,south,1
2,40,1069000.0,2,666,1881000,A,north,0
3,35,466000.0,1,631,662000,B,west,0
4,47,541000.0,4,658,474000,B,south,0
5,36,833000.0,2,668,1658000,B,west,0
6,52,890000.0,9,610,1483000,B,north,0
7,41,529000.0,5,743,1286000,B,north,0
8,thirty,1020000.0,7,656,763000,A,east,1
9,40,1198000.0,3,661,2029000,A,east,0
10,33,829000.0,3,778,849000,A,south,1
11,39,732000.0,6,619,398000,B,north,0
12,38,568000.0,4,628,1027000,A,south,0
13,21,722000.0,0,689,1277000,B,east,0
14,39,718000.0,4,653,1678000,B,south,0
15,45,938000.0,3,520,620000,B,east,0
16,35,579000.0,2,555,1235000,B,north,0
17,33,725000.0,4,679,887000,A,east,0
18,40,682000.0,1,630,445000,B,north,0
19,47,884000.0,7,627,1175000,B,south,0
20,34,566000.0,5,1450,487000,A,south,0
21,32,741000.0,2,641,977000,B,north,0
22,42,791000.0,6,748,1469000,B,east,0
23,47,698000.0,1,697,637000,B,west,0
24,36,451000.0,3,691,1154000,B,north,0
25,32,720000.0,4,750,1589000,B,north,0
26,35,784000.0,5,672,1694000,B,west,0
27,35,962000.0,1,801,863000,A,north,1
28,26,996000.0,1,721,2235000,A,west,0
29,34,602000.0,4,663,741000,A,east,0
30,25,854000.0,1,670,1002000,B,east,0
31,51,640000.0,10,753,981000,B,south,1
32,47,,2,704,589000,A,north,1
33,35,987000.0,6,653,1679000,A,north,0
34,46,917000.0,9,688,916000,A,south,1
35,42,710000.0,8,502,353000,A,east,0
36,43,820000.0,5,633,1645000,A,north,0
37,38,956000.0,7,712,2433000,A,east,0
38,40,924000.0,4,629,471000,A,east,0
39,40,863000.0,4,543,1636000,B,east,0
40,43,966000.0,10,725,458000,A,north,1
41,44,808000.0,5,571,1385000,A,west,0
42,44,923000.0,3,691,1691000,A,north,0
43,55,737000.0,11,652,362000,A,north,0
44,28,755000.0,2,524,960000,B,north,0
45,50,1084000.0,8,518,1484000,Z,west,0
46,44,781000.0,3,707,1884000,B,west,0
47,45,908000.0,1,617,1474000,A,north,0
48,47,1025000.0,11,546,684000,A,south,0
49,37,842000.0,7,657,670000,A,east,0
50,44,759000.0,4,726,1526000,A,south,0
51,44,909000.0,4,606,1544000,B,north,0
52,37,970000.0,5,721,950000,B,west,1
53,34,719000.0,4,656,649000,B,east,0
54,38,451000.0,6,628,183000,A,south,0
55,29,933000.0,3,697,2249000,A,west,0
56,23,880000.0,0,620,2007000,B,north,0
57,43,691000.0,10,709,1006000,A,north,0
58,40,792000.0,1,757,1748000,A,east,1
59,44,1082000.0,7,727,2554000,A,north,1
60,27,1171000.0,1,705,2985000,A,west,0
61,29,889000.0,3,779,1411000,A,south,1
62,51,1108000.0,5,638,958000,A,east,0
63,38,668000.0,5,678,1511000,B,south,0
64,55,985000.0,13,517,1077000,A,east,0
65,36,592000.0,1,617,1370000,B,west,0
66,28,964000.0,3,707,1483000,A,east,1
67,33,853000.0,4,684,1967000,B,south,0
68,30,970000.0,3,595,1012000,B,south,0
69,50,695000.0,4,613,341000,B,north,0
70,44,752000.0,7,652,556000,A,east,0
71,26,900000.0,1,694,2029000,B,west,0
72,37,1002000.0,6,664,2465000,A,north,0
73,32,838000.0,1,688,849000,A,west,0
74,21,504000.0,0,696,1222000,A,south,0
75,25,1051000.0,1,740,2616000,A,east,1
76,43,726000.0,9,594,1392000,A,west,0
77,29,454000.0,1,736,561000,A,north,0
78,44,1084000.0,9,498,2733000,A,north,0
79,31,642000.0,1,752,426000,B,west,1
80,42,951000.0,3,673,1087000,A,west,0
81,25,700000.0,0,701,522000,B,west,0
82,36,1021000.0,7,690,2569000,A,east,0
83,38,731000.0,5,574,944000,B,east,0
84,45,749000.0,11,655,1431000,A,east,0
85,50,913000.0,4,768,1733000,A,north,1
86,31,717000.0,2,724,1190000,B,south,0
87,31,1037000.0,2,548,861000,B,east,0
88,52,731000.0,5,724,1663000,A,north,0
89,39,807000.0,6,637,2017000,B,west,0
90,36,1306000.0,3,716,1078000,A,south,1
91,28,721000.0,1,569,1059000,B,north,0
92,43,578000.0,5,733,403000,B,west,0
93,30,778000.0,2,641,1501000,B,south,0
94,37,1034000.0,4,538,1479000,A,west,0
95,43,292000.0,5,651,316000,B,north,0
96,37,705000.0,3,754,342000,A,north,1
97,32,601000.0,0,699,1066000,B,north,0
98,40,577000.0,4,617,1380000,B,north,0
99,29,500000.0,1,672,372000,B,east,0
100,40,1178000.0,2,694,531000,B,east,1
101,32,773000.0,3,631,358000,B,east,0
102,42,802000.0,1,629,571000,A,north,0
103,38,987000.0,5,598,1285000,A,south,0
104,40,964000.0,4,811,2088000,A,north,1
105,46,946000.0,7,830,2296000,A,east,1
106,35,1128000.0,3,744,1680000,A,north,1
107,35,956000.0,3,599,1141000,A,east,0
108,31,1068000.0,2,715,2710000,A,east,0
109,43,1009000.0,7,614,557000,B,south,0
110,56,1334000.0,2,682,745000,A,north,1
111,28,618000.0,2,740,1518000,A,north,0
112,31,601000.0,1,673,1534000,A,west,0
113,35,770000.0,2,652,1163000,A,west,0
114,41,618000.0,5,749,1048000,A,south,1
115,44,991000.0,6,789,1814000,A,west,1
116,37,773000.0,4,664,1570000,A,west,0
117,49,807000.0,3,826,581000,B,east,1
118,38,1083000.0,5,607,2764000,B,north,0
119,33,770000.0,3,631,1761000,B,west,0
120,40,843000.0,6,806,854000,B,east,1
121,29,840000.0,2,718,446000,B,south,1
122,34,567000.0,4,602,953000,B,east,0
123,21,928000.0,0,554,2080000,A,south,0
124,44,934000.0,4,716,647000,B,north,1
125,42,498000.0,1,760,929000,B,north,0
126,41,607000.0,6,605,1084000,B,east,0
127,45,226000.0,3,621,338000,B,east,0
128,39,1132000.0,3,683,469000,A,west,1
129,41,952000.0,6,536,1046000,B,north,0
130,33,1178000.0,2,751,579000,A,east,1
131,39,1057000.0,1,758,1467000,B,north,1
132,41,996000.0,2,756,2013000,A,west,1
133,23,835000.0,0,632,1317000,B,south,0
134,38,557000.0,1,713,930000,B,south,0
135,50,686000.0,2,804,1061000,B,west,1
136,45,747000.0,1,751,1041000,B,south,0
137,45,1028000.0,8,652,653000,B,south,0
138,51,481000.0,2,784,717000,B,east,0
139,38,896000.0,5,668,849000,A,north,0
140,44,1020000.0,8,755,453000,B,east,1
141,47,957000.0,1,605,726000,A,south,0
142,40,749000.0,6,677,1185000,B,east,0
143,36,366000.0,3,532,756000,B,north,0
144,51,1144000.0,3,717,2140000,A,east,1
145,53,801000.0,9,735,1604000,A,east,1
146,44,975000.0,6,690,1865000,B,west,0
147,45,787000.0,8,794,1028000,A,north,1
148,43,1002000.0,7,783,1323000,A,east,1
149,31,914000.0,2,651,1938000,A,west,0
150,36,906000.0,5,633,463000,B,north,0
151,37,894000.0,4,674,1679000,B,north,0
152,33,769000.0,1,747,643000,A,north,1
153,42,1159000.0,2,662,1887000,A,east,0
154,32,614000.0,2,700,1431000,A,east,0
155,29,1258000.0,2,641,524000,B,east,1
156,41,957000.0,6,739,419000,B,west,1
157,37,872000.0,2,701,1884000,B,west,0
158,30,449000.0,1,676,973000,B,north,0
159,38,757000.0,4,626,564000,B,north,0
160,44,1242000.0,9,756,1796000,A,west,1
161,35,870000.0,4,739,1139000,A,east,1
162,24,764000.0,0,739,956000,B,west,0
163,27,739000.0,1,571,638000,B,west,0
164,28,960000.0,2,618,2212000,A,north,0
165,49,1016000.0,9,769,1967000,A,south,1
166,38,811000.0,1,754,1659000,A,east,1
167,33,765000.0,2,720,758000,B,north,0
168,34,936000.0,3,718,1789000,A,east,1
169,37,808000.0,5,645,1799000,A,south,0
170,39,821000.0,8,583,1011000,A,south,0
171,45,736000.0,3,747,389000,A,north,1
172,31,1040000.0,4,658,1559000,A,east,0
173,37,1005000.0,3,612,2003000,A,west,0
174,27,588000.0,0,710,904000,A,west,0
175,31,936000.0,1,626,1209000,A,east,0
176,55,639000.0,6,688,961000,B,east,0
177,41,791000.0,4,715,1462000,A,east,0
178,37,671000.0,4,724,832000,B,east,0
179,39,880000.0,6,787,1820000,B,north,1
180,51,688000.0,4,635,1421000,B,east,0
181,46,897000.0,8,695,1452000,A,east,1
182,49,910000.0,8,556,366000,A,west,0
183,38,1104000.0,3,673,1661000,A,north,0
184,39,878000.0,4,712,1158000,A,east,1
185,32,537000.0,4,733,503000,A,south,1
186,39,581000.0,6,538,297000,A,south,0
187,32,763000.0,3,621,1923000,A,east,0
188,43,776000.0,5,629,1198000,B,south,0
189,47,944000.0,8,764,595000,B,east,1
190,34,771000.0,2,652,1418000,A,east,0
191,38,348000.0,1,657,482000,B,north,0
192,50,1117000.0,6,663,2283000,A,south,0
193,49,956000.0,7,587,1153000,B,west,0
194,35,549000.0,5,556,518000,B,east,0
195,30,825000.0,3,899,979000,B,east,1
196,32,943000.0,1,784,767000,A,east,1
197,35,990000.0,4,766,1036000,A,south,1
198,26,804000.0,1,759,1675000,A,west,1
199,36,576000.0,1,641,505000,B,east,0
200,28,1025000.0,2,616,1326000,A,west,0
201,53,370000.0,10,680,512000,B,south,0
202,58,737000.0,3,645,968000,B,north,0
203,42,764000.0,2,782,1765000,B,west,0
204,37,664000.0,3,544,1013000,B,south,0
205,26,833000.0,0,688,537000,B,south,0
206,28,739000.0,2,633,1733000,A,west,0
207,34,873000.0,5,737,358000,A,south,1
208,34,727000.0,4,648,803000,B,west,0
209,34,1170000.0,4,646,733000,A,north,1
210,34,1037000.0,2,762,2226000,A,north,1
211,45,695000.0,6,646,1727000,A,north,0
212,40,992000.0,4,747,1465000,A,west,1
213,36,934000.0,5,622,2262000,B,west,0
214,41,1181000.0,5,511,1241000,B,east,0
215,42,1010000.0,9,819,1937000,A,south,1
216,24,952000.0,1,632,2044000,B,north,0
217,28,966000.0,1,631,811000,B,south,0
218,42,977000.0,3,621,1544000,A,east,0
219,42,1377000.0,9,622,2169000,A,east,1
220,34,971000.0,2,645,671000,B,east,0
221,48,733000.0,3,623,759000,A,west,0
222,37,427000.0,4,651,316000,B,west,0
223,21,848000.0,0,668,1551000,B,east,0
224,36,1325000.0,6,714,1353000,A,north,1
225,41,531000.0,2,643,1366000,B,east,0
226,51,211000.0,3,508,532000,B,east,0
227,41,969000.0,2,615,1710000,B,west,0
228,37,586000.0,5,687,1487000,B,east,0
229,34,1183000.0,3,625,682000,A,south,1
230,34,1039000.0,6,697,995000,A,north,1
231,37,769000.0,5,653,1303000,B,south,0
232,32,935000.0,3,660,2100000,A,east,0
233,21,591000.0,0,811,1535000,A,north,1
234,52,876000.0,2,686,972000,A,south,0
235,32,1131000.0,4,594,2410000,A,east,0
236,23,1150000.0,1,687,1778000,B,north,0
237,21,835000.0,0,619,1280000,B,east,0
238,45,1171000.0,5,737,1581000,B,west,1
239,29,902000.0,3,718,963000,A,south,1
240,40,735000.0,4,712,592000,B,south,0
241,32,1006000.0,1,668,1206000,B,east,0
242,31,946000.0,1,549,540000,A,east,0
243,44,746000.0,3,722,1638000,A,south,0
244,45,1072000.0,4,732,1894000,B,west,1
245,60,668000.0,12,667,1302000,B,east,0
246,44,422000.0,4,708,466000,B,south,0
247,44,898000.0,1,677,1031000,B,north,0
248,39,297000.0,3,691,678000,B,west,0
249,42,975000.0,7,757,1171000,A,north,1
250,48,1138000.0,4,784,1109000,A,west,1
251,22,769000.0,0,695,1888000,A,north,0
252,41,1013000.0,6,689,1716000,B,north,0
253,27,1071000.0,2,703,2753000,A,south,0
254,36,450000.0,3,679,415000,B,east,0
255,35,933000.0,1,736,1414000,B,south,1
256,48,697000.0,11,654,750000,A,west,0
257,38,884000.0,6,674,644000,A,south,1
258,35,831000.0,1,757,1965000,B,west,0
259,52,935000.0,2,571,1856000,A,north,0
260,43,453000.0,7,746,572000,A,west,0
261,37,1294000.0,5,730,2062000,A,west,1
262,22,743000.0,0,679,1831000,A,south,0
263,26,541000.0,0,689,875000,B,south,0
264,35,825000.0,2,691,1002000,B,east,0
265,22,974000.0,0,565,1472000,B,north,0
266,37,797000.0,3,705,1208000,A,east,0
267,46,805000.0,11,720,1593000,A,east,1
268,24,625000.0,1,783,957000,A,south,1
269,44,844000.0,6,589,1105000,A,north,0
270,49,536000.0,6,637,439000,B,west,0
271,27,1093000.0,1,763,1463000,A,east,1
272,39,629000.0,2,651,765000,A,north,0
273,34,1164000.0,5,646,2300000,A,west,0
274,47,728000.0,2,714,1659000,A,west,0
275,43,298000.0,7,517,664000,B,west,0
276,45,867000.0,9,569,2147000,A,north,0
277,40,520000.0,6,665,671000,A,west,0
278,41,780000.0,6,776,911000,A,east,1
279,36,1017000.0,5,545,2178000,A,east,0
280,31,734000.0,4,701,743000,A,south,0
281,38,560000.0,2,630,1018000,B,south,0
282,42,685000.0,2,694,1275000,B,south,0
283,21,987000.0,0,559,1522000,A,north,0
284,51,725000.0,8,588,1625000,B,north,0
285,37,656000.0,6,746,1293000,A,west,0
286,32,904000.0,4,627,1987000,B,south,0
287,36,872000.0,7,607,1451000,A,west,0
288,33,688000.0,4,707,393000,B,north,0
289,46,1094000.0,7,636,1865000,A,east,0
290,23,879000.0,1,705,518000,A,north,1
291,48,926000.0,5,653,2308000,B,north,0
292,32,780000.0,5,703,1213000,A,west,0
293,44,712000.0,8,568,1019000,A,north,0
294,37,1150000.0,3,715,1944000,A,east,1
295,30,815000.0,4,682,1533000,A,north,0
296,44,857000.0,4,650,1435000,B,south,0
297,39,718000.0,5,559,945000,B,east,0
298,52,559000.0,11,653,807000,B,south,0
299,40,813000.0,4,592,598000,A,north,0
300,35,1044000.0,4,610,1469000,A,north,0
301,54,510000.0,3,706,1158000,B,east,0
302,37,980000.0,4,725,2407000,A,west,0
303,35,1165000.0,5,744,2114000,A,south,1
304,33,877000.0,3,696,1516000,B,north,0
305,35,727000.0,4,787,1773000,A,east,1
306,49,595000.0,3,727,787000,B,east,0
307,41,861000.0,7,583,1954000,A,north,0
308,40,605000.0,5,678,546000,B,south,0
309,25,353000.0,1,601,499000,B,south,0
310,33,798000.0,1,589,571000,A,east,0
311,39,665000.0,5,703,1729000,B,north,0
312,40,1271000.0,5,690,2451000,A,north,1
313,47,668000.0,6,675,979000,B,west,0
314,34,662000.0,4,651,498000,B,north,0
315,36,1312000.0,4,687,3128000,A,west,1
316,31,792000.0,1,636,450000,A,east,0
317,40,705000.0,7,567,1400000,A,north,0
318,39,768000.0,4,662,1134000,B,east,0
319,33,938000.0,4,648,1078000,A,north,0
320,43,641000.0,7,674,1651000,B,west,0
321,28,991000.0,1,628,614000,A,east,0
322,38,1013000.0,4,695,1032000,B,west,1
323,50,1266000.0,5,642,1706000,A,east,1
324,38,598000.0,5,735,1368000,B,north,0
325,28,919000.0,1,733,1212000,B,north,1
326,51,800000.0,4,698,1035000,B,west,0
327,36,846000.0,2,724,1103000,B,north,0
328,53,910000.0,6,732,746000,A,west,1
329,42,676000.0,4,752,1753000,B,south,0
330,43,1441000.0,5,670,1428000,A,south,1
331,42,1369000.0,5,699,2523000,A,south,1
332,21,848000.0,0,744,1412000,A,south,1
333,35,832000.0,4,686,1732000,A,south,0
334,36,667000.0,1,745,1496000,A,south,0
335,49,999000.0,4,654,767000,A,north,0
336,38,667000.0,5,624,833000,B,north,0
337,44,832000.0,7,561,2023000,A,east,0
338,26,1143000.0,1,751,1592000,A,west,1
339,35,870000.0,3,621,358000,B,west,0
340,39,1002000.0,7,540,1610000,A,east,0
341,51,824000.0,3,671,1374000,A,south,0
342,38,847000.0,6,618,834000,A,east,0
343,45,893000.0,2,774,580000,A,south,1
344,21,780000.0,0,723,1930000,A,east,0
345,45,492000.0,6,603,657000,B,east,0
346,48,904000.0,9,787,1165000,A,west,1
347,40,814000.0,6,671,1768000,B,east,0
348,41,835000.0,7,567,364000,A,south,0
349,35,1008000.0,4,577,1495000,A,north,0
350,29,843000.0,0,758,749000,B,east,1
351,34,877000.0,2,598,2173000,B,east,0
352,50,919000.0,6,723,515000,B,west,1
353,58,920000.0,7,650,2137000,A,north,0
354,43,669000.0,2,666,1041000,A,west,0
355,41,752000.0,5,644,747000,A,west,0
356,28,771000.0,1,687,1413000,B,north,0
357,27,1162000.0,2,591,1866000,A,north,0
358,35,836000.0,3,684,1410000,A,east,0
359,44,706000.0,3,777,418000,B,north,1
360,26,671000.0,1,666,291000,B,west,0
361,27,477000.0,0,678,458000,B,west,0
362,28,642000.0,2,666,1618000,B,south,0
363,37,1184000.0,5,657,2806000,A,south,0
364,48,724000.0,5,669,1859000,A,north,0
365,44,862000.0,7,579,1856000,A,west,0
366,22,986000.0,0,754,1844000,A,south,1
367,29,1054000.0,3,618,1814000,A,south,0
368,45,1152000.0,6,736,1097000,A,south,1
369,44,1134000.0,8,761,2275000,A,west,1
370,27,575000.0,2,528,294000,B,south,0
371,32,922000.0,4,726,1632000,A,north,1
372,44,1156000.0,3,675,1965000,A,west,1
373,46,503000.0,4,695,999000,B,west,0
374,42,1011000.0,9,679,1255000,A,west,1
375,49,896000.0,9,597,1752000,A,east,0
376,39,858000.0,3,740,1118000,A,west,1
377,36,424000.0,3,604,433000,B,north,0
378,38,666000.0,5,705,585000,A,east,0
379,28,754000.0,2,760,1156000,B,south,1
380,41,577000.0,2,690,1401000,B,east,0
381,35,863000.0,3,647,1902000,A,east,0
382,43,1074000.0,7,665,1119000,B,north,0
383,31,872000.0,2,731,2146000,B,north,0
384,39,765000.0,3,707,846000,A,north,0
385,33,520000.0,3,609,601000,B,north,0
386,34,711000.0,1,672,1082000,A,north,0
387,37,883000.0,2,818,1782000,A,south,1
388,39,1025000.0,6,688,1916000,A,south,0
389,27,1110000.0,1,626,1716000,A,west,0
390,22,896000.0,0,691,475000,A,west,1
391,44,560000.0,1,686,948000,B,south,0
392,21,700000.0,0,763,1535000,B,east,0
393,41,1021000.0,6,751,929000,A,south,1
394,28,851000.0,2,637,1720000,B,south,0
395,54,808000.0,7,629,1634000,A,north,0
396,30,686000.0,1,679,1301000,B,west,0
397,38,615000.0,7,755,1287000,A,south,0
398,41,413000.0,9,601,648000,A,east,0
399,24,1157000.0,1,749,1162000,A,north,1
400,31,340000.0,1,671,252000,B,north,0
